.,A,R,N,D,C,Q,E,G,H,I,L,K,M,F,P,S,T,W,Y,V
A,1.0,0.4790697674418605,0.48372093023255813,0.413953488372093,0.09302325581395354,0.5767441860465117,0.5023255813953489,0.7209302325581395,0.6,0.5627906976744186,0.5534883720930233,0.5069767441860464,0.6093023255813954,0.4744186046511628,0.8744186046511628,0.5395348837209302,0.7302325581395348,0.31162790697674414,0.4790697674418605,0.7023255813953488
R,0.4790697674418605,1.0,0.6,0.5534883720930233,0.16279069767441856,0.8,0.7488372093023256,0.41860465116279066,0.8651162790697674,0.5488372093023256,0.5255813953488372,0.8790697674418605,0.5767441860465117,0.5488372093023256,0.5209302325581395,0.4883720930232558,0.6697674418604651,0.5302325581395348,0.6418604651162791,0.5534883720930233
N,0.48372093023255813,0.6,1.0,0.8930232558139535,0.3534883720930233,0.786046511627907,0.8046511627906977,0.627906976744186,0.6837209302325582,0.3069767441860465,0.28837209302325584,0.5627906976744186,0.3395348837209302,0.2651162790697674,0.5767441860465117,0.786046511627907,0.6976744186046512,0.19069767441860463,0.33488372093023255,0.38139534883720927
D,0.413953488372093,0.5534883720930233,0.8930232558139535,1.0,0.2837209302325582,0.7162790697674419,0.7906976744186046,0.5627906976744186,0.6232558139534884,0.2186046511627907,0.19999999999999996,0.5302325581395348,0.2558139534883721,0.17674418604651165,0.4976744186046511,0.6976744186046512,0.6046511627906976,0.1581395348837209,0.2558139534883721,0.2930232558139535
C,0.09302325581395354,0.16279069767441856,0.3534883720930233,0.2837209302325582,1.0,0.2837209302325582,0.2093023255813954,0.26046511627906976,0.19069767441860463,0.07906976744186045,0.07906976744186045,0.06046511627906981,0.08837209302325577,0.046511627906976716,0.21395348837209305,0.4790697674418605,0.3069767441860465,0.0,0.0976744186046512,0.10697674418604652
Q,0.5767441860465117,0.8,0.786046511627907,0.7162790697674419,0.2837209302325582,1.0,0.8651162790697674,0.5953488372093023,0.8883720930232558,0.49302325581395345,0.4744186046511628,0.7534883720930232,0.5302325581395348,0.4604651162790697,0.6465116279069767,0.6837209302325582,0.8046511627906977,0.39534883720930236,0.5395348837209302,0.5534883720930233
E,0.5023255813953489,0.7488372093023256,0.8046511627906977,0.7906976744186046,0.2093023255813954,0.8651162790697674,1.0,0.5441860465116279,0.813953488372093,0.3767441860465116,0.35813953488372097,0.7395348837209302,0.413953488372093,0.34883720930232553,0.5674418604651164,0.627906976744186,0.6976744186046512,0.2930232558139535,0.43255813953488376,0.4372093023255814
G,0.7209302325581395,0.41860465116279066,0.627906976744186,0.5627906976744186,0.26046511627906976,0.5953488372093023,0.5441860465116279,1.0,0.5441860465116279,0.37209302325581395,0.35813953488372097,0.40930232558139534,0.40930232558139534,0.28837209302325584,0.8046511627906977,0.7395348837209302,0.7255813953488373,0.14418604651162792,0.3162790697674419,0.49302325581395345
H,0.6,0.8651162790697674,0.6837209302325582,0.6232558139534884,0.19069767441860463,0.8883720930232558,0.813953488372093,0.5441860465116279,1.0,0.5627906976744186,0.5395348837209302,0.8511627906976744,0.5953488372093023,0.5348837209302326,0.6418604651162791,0.586046511627907,0.7813953488372093,0.4651162790697675,0.613953488372093,0.6093023255813954
I,0.5627906976744186,0.5488372093023256,0.3069767441860465,0.2186046511627907,0.07906976744186045,0.49302325581395345,0.3767441860465116,0.37209302325581395,0.5627906976744186,1.0,0.9767441860465116,0.5255813953488372,0.9534883720930233,0.9023255813953488,0.5581395348837209,0.3395348837209302,0.586046511627907,0.7162790697674419,0.8465116279069768,0.8651162790697674
L,0.5534883720930233,0.5255813953488372,0.28837209302325584,0.19999999999999996,0.07906976744186045,0.4744186046511628,0.35813953488372097,0.35813953488372097,0.5395348837209302,0.9767441860465116,1.0,0.5023255813953489,0.9302325581395349,0.8976744186046511,0.5441860465116279,0.32558139534883723,0.5720930232558139,0.7162790697674419,0.8325581395348838,0.8511627906976744
K,0.5069767441860464,0.8790697674418605,0.5627906976744186,0.5302325581395348,0.06046511627906981,0.7534883720930232,0.7395348837209302,0.40930232558139534,0.8511627906976744,0.5255813953488372,0.5023255813953489,1.0,0.5581395348837209,0.5255813953488372,0.5209302325581395,0.4372093023255814,0.6372093023255814,0.4883720930232558,0.6046511627906976,0.5488372093023256
M,0.6093023255813954,0.5767441860465117,0.3395348837209302,0.2558139534883721,0.08837209302325577,0.5302325581395348,0.413953488372093,0.40930232558139534,0.5953488372093023,0.9534883720930233,0.9302325581395349,0.5581395348837209,1.0,0.8697674418604651,0.5953488372093023,0.37209302325581395,0.6232558139534884,0.6883720930232557,0.8325581395348838,0.9023255813953488
F,0.4744186046511628,0.5488372093023256,0.2651162790697674,0.17674418604651165,0.046511627906976716,0.4604651162790697,0.34883720930232553,0.28837209302325584,0.5348837209302326,0.9023255813953488,0.8976744186046511,0.5255813953488372,0.8697674418604651,1.0,0.46976744186046515,0.2790697674418605,0.5209302325581395,0.813953488372093,0.8976744186046511,0.7674418604651163
P,0.8744186046511628,0.5209302325581395,0.5767441860465117,0.4976744186046511,0.21395348837209305,0.6465116279069767,0.5674418604651164,0.8046511627906977,0.6418604651162791,0.5581395348837209,0.5441860465116279,0.5209302325581395,0.5953488372093023,0.46976744186046515,1.0,0.655813953488372,0.8232558139534883,0.3162790697674419,0.4883720930232558,0.6837209302325582
S,0.5395348837209302,0.4883720930232558,0.786046511627907,0.6976744186046512,0.4790697674418605,0.6837209302325582,0.627906976744186,0.7395348837209302,0.586046511627907,0.3395348837209302,0.32558139534883723,0.4372093023255814,0.37209302325581395,0.2790697674418605,0.655813953488372,1.0,0.7302325581395348,0.17674418604651165,0.3302325581395349,0.4232558139534883
T,0.7302325581395348,0.6697674418604651,0.6976744186046512,0.6046511627906976,0.3069767441860465,0.8046511627906977,0.6976744186046512,0.7255813953488373,0.7813953488372093,0.586046511627907,0.5720930232558139,0.6372093023255814,0.6232558139534884,0.5209302325581395,0.8232558139534883,0.7302325581395348,1.0,0.4046511627906977,0.5720930232558139,0.6790697674418604
W,0.31162790697674414,0.5302325581395348,0.19069767441860463,0.1581395348837209,0.0,0.39534883720930236,0.2930232558139535,0.14418604651162792,0.4651162790697675,0.7162790697674419,0.7162790697674419,0.4883720930232558,0.6883720930232557,0.813953488372093,0.3162790697674419,0.17674418604651165,0.4046511627906977,1.0,0.827906976744186,0.5906976744186047
Y,0.4790697674418605,0.6418604651162791,0.33488372093023255,0.2558139534883721,0.0976744186046512,0.5395348837209302,0.43255813953488376,0.3162790697674419,0.613953488372093,0.8465116279069768,0.8325581395348838,0.6046511627906976,0.8325581395348838,0.8976744186046511,0.4883720930232558,0.3302325581395349,0.5720930232558139,0.827906976744186,1.0,0.7441860465116279
V,0.7023255813953488,0.5534883720930233,0.38139534883720927,0.2930232558139535,0.10697674418604652,0.5534883720930233,0.4372093023255814,0.49302325581395345,0.6093023255813954,0.8651162790697674,0.8511627906976744,0.5488372093023256,0.9023255813953488,0.7674418604651163,0.6837209302325582,0.4232558139534883,0.6790697674418604,0.5906976744186047,0.7441860465116279,1.0
