. A R N D C Q E G H I L K M F P S T W Y V
A 100 48 48 41 9 58 50 72 60 56 55 51 61 47 87 54 73 31 48 70
R 48 100 60 55 16 80 75 42 87 55 53 88 58 55 52 49 67 53 64 55
N 48 60 100 89 35 79 80 63 68 31 29 56 34 27 58 79 70 19 33 38
D 41 55 89 100 28 72 79 56 62 22 20 53 26 18 50 70 60 16 26 29
C 9 16 35 28 100 28 21 26 19 8 8 6 9 5 21 48 31 0 10 11
Q 58 80 79 72 28 100 87 60 89 49 47 75 53 46 65 68 80 40 54 55
E 50 75 80 79 21 87 100 54 81 38 36 74 41 35 57 63 70 29 43 44
G 72 42 63 56 26 60 54 100 54 37 36 41 41 29 80 74 73 14 32 49
H 60 87 68 62 19 89 81 54 100 56 54 85 60 53 64 59 78 47 61 61
I 56 55 31 22 8 49 38 37 56 100 98 53 95 90 56 34 59 72 85 87
L 55 53 29 20 8 47 36 36 54 98 100 50 93 90 54 33 57 72 83 85
K 51 88 56 53 6 75 74 41 85 53 50 100 56 53 52 44 64 49 60 55
M 61 58 34 26 9 53 41 41 60 95 93 56 100 87 60 37 62 69 83 90
F 47 55 27 18 5 46 35 29 53 90 90 53 87 100 47 28 52 81 90 77
P 87 52 58 50 21 65 57 80 64 56 54 52 60 47 100 66 82 32 49 68
S 54 49 79 70 48 68 63 74 59 34 33 44 37 28 66 100 73 18 33 42
T 73 67 70 60 31 80 70 73 78 59 57 64 62 52 82 73 100 40 57 68
W 31 53 19 16 0 40 29 14 47 72 72 49 69 81 32 18 40 100 83 59
Y 48 64 33 26 10 54 43 32 61 85 83 60 83 90 49 33 57 83 100 74
V 70 55 38 29 11 55 44 49 61 87 85 55 90 77 68 42 68 59 74 100
